# Worker	MD_start [s]		wMD_start [s]	wMD_end[s]	MD_end [s]	 Dask_end [s]	Ensembles	1695636649.799205
3  	4.29747796		4.57426763	0	
5  	4.29747796		4.63286161	1	
4  	4.29747796		4.65537143	2	
2  	4.57426763		4.76314330	0	
3  	4.63286161		4.80088878	1	
1  	4.76314330		4.84955096	0	
4  	4.65537143		4.89968252	2	
6  	4.80088878		4.99971533	1	
3  	4.84955096		5.03095412	0	
4  	4.89968252		5.09533930	2	
3  	5.03095412		5.24892855	0	
2  	4.99971533		5.27826500	1	
6  	5.09533930		5.35497141	2	
0  	5.24892855		5.40696549	0	
1  	5.24892855		5.40696549	0	
4  	5.27826500		5.44364381	1	
5  	5.40696549		5.57327247	0	
4  	5.44364381		5.60408592	1	
6  	5.35497141		5.65489411	2	
2  	5.60408592		5.75504518	1	
3  	5.57327247		5.77578235	0	
0  	5.75504518		5.82968664	1	
1  	5.77578235		5.86118388	0	
5  	5.65489411		5.88322592	2	
3  	5.88322592		6.01366282	2	
2  	5.86118388		6.04056358	0	
6  	5.82968664		6.08928585	1	
1  	6.01366282		6.11046815	2	
0  	6.11046815		6.15729570	2	
2  	6.04056358		6.20151019	0	
4  	6.08928585		6.25715637	1	
5  	6.15729570		6.30247116	2	
3  	6.20151019		6.37229729	0	
4  	6.30247116		6.45895791	2	
6  	6.25715637		6.49040365	1	
2  	6.37229729		6.54812574	0	
0  	6.54812574		6.59388232	0	
3  	6.45895791		6.62364006	2	
5  	6.49040365		6.66449690	1	
0  	6.62364006		6.71843386	2	
1  	6.62364006		6.71843386	2	
4  	6.59388232		6.75729036	0	
3  	6.66449690		6.81696558	1	
2  	6.71843386		6.89160323	2	
4  	6.75729036		6.92737818	0	
0  	6.89160323		6.98422742	2	
1  	6.89160323		6.98422742	2	
0  	6.98422742		7.08639956	2	
1  	6.98422742		7.08639956	2	
6  	6.81696558		7.17293262	1	
4  	6.92737818		7.19890642	0	
